Max=-1.5180311265561426
Min=-5.5046886737372285
