Max=-1.2470413363804582
Min=-5.5665466726817225
