Max=-1.713430555488764
Min=-5.461454154667098
